%constants
c = 3*10^8;
hb = 1.054*10^-34;
kb = 1.3806488*10^-23;%(*m2 kg s-2 K-1*)
m = 1.66*10^-27*4.002;%(*helium mass*)
a0 = 0.529*10^-10;%(*bohr radius*)
g0 = 9.8;
mu0 = 1.2566370614*10^-6;
epsilon0 = 8.858*10^-12;%(*electric permitivity of free space*)
electron = 1.60217657*10^-19;%(*charge of electron*)
me = 9.10938291*10^-31;%(*mass of electron*)
ahe_scat=15*10^-9;